[0.5, 41, 0.375, 0.125],
[0.875, 43, 0.625, 0.125],
[1.5, 41, 0.125, 0.125],
[1.625, 48, 0.625, 0.125],
[2.25, 41, 0.5, 0.125],
[2.75, 43, 1.5, 0.125],
[4.25, 36, 0.375, 0.125],
[4.625, 43, 0.375, 0.125],
[5.0, 48, 2.375, 0.125],
[7.375, 41, 0.625, 0.125],
[8.0, 41, 0.25, 0.125],
[8.25, 43, 0.5, 0.125],
[8.75, 41, 0.75, 0.125],
[9.5, 48, 0.25, 0.125],
[9.75, 41, 0.375, 0.125],
[10.125, 36, 0.25, 0.125],
[10.375, 41, 0.5, 0.125],
[10.875, 43, 0.375, 0.125],
[11.25, 43, 0.75, 0.125],
[12.375, 48, 0.375, 0.125],
[12.75, 50, 0.375, 0.125],
[13.125, 48, 0.125, 0.125],
[13.25, 50, 0.125, 0.125],
[13.375, 48, 0.25, 0.125],
[13.625, 48, 0.375, 0.125],
[14.0, 55, 0.25, 0.125],
[14.25, 43, 0.125, 0.125],
[14.375, 50, 1.125, 0.125],
[15.5, 50, 2.125, 0.125],
[17.625, 43, 0.5, 0.125],
[18.125, 50, 1.5, 0.125],
[19.625, 50, 1.125, 0.125],
[20.75, 43, 1.0, 0.125],
[21.75, 48, 0.5, 0.125],
[22.25, 50, 1.0, 0.125],
[23.25, 48, 0.75, 0.125],
[24.0, 41, 1.875, 0.125],
[25.875, 41, 1.0, 0.125],
[26.875, 36, 0.625, 0.125],
[27.5, 41, 0.125, 0.125],
[27.625, 41, 0.125, 0.125],
[27.75, 36, 1.625, 0.125],
[29.375, 48, 0.125, 0.125],
[29.5, 48, 0.625, 0.125],
[30.125, 48, 0.25, 0.125],
[30.375, 48, 0.125, 0.125],
[30.5, 41, 0.25, 0.125],
[30.75, 41, 0.875, 0.125],
[31.625, 36, 0.875, 0.125],
[32.5, 41, 0.75, 0.125],
[33.25, 43, 0.25, 0.125],
[33.5, 48, 1.125, 0.125],
[34.625, 36, 0.25, 0.125],
[34.875, 43, 0.375, 0.125],
[35.25, 36, 0.25, 0.125],
[35.5, 43, 0.5, 0.125],
