[1.375, 48, 0.125, 0.125],
[1.5, 36, 0.75, 0.125],
[2.25, 43, 0.125, 0.125],
[2.375, 43, 1.125, 0.125],
[3.5, 36, 0.125, 0.125],
[3.625, 43, 0.375, 0.125],
[4.0, 48, 0.25, 0.125],
[4.25, 48, 1.25, 0.125],
[5.5, 48, 0.25, 0.125],
[5.75, 43, 1.5, 0.125],
[7.25, 48, 0.25, 0.125],
[7.5, 43, 0.5, 0.125],
[8.0, 43, 0.625, 0.125],
[8.625, 36, 0.375, 0.125],
[9.0, 36, 0.375, 0.125],
[9.375, 48, 0.75, 0.125],
[10.125, 43, 0.125, 0.125],
[10.25, 48, 0.75, 0.125],
[11.0, 43, 0.875, 0.125],
[11.875, 43, 0.125, 0.125],
[12.375, 36, 0.25, 0.125],
[12.625, 43, 1.625, 0.125],
[14.25, 36, 0.375, 0.125],
[14.625, 43, 1.125, 0.125],
[15.75, 43, 0.625, 0.125],
[16.375, 48, 2.875, 0.125],
[19.25, 36, 0.5, 0.125],
[19.75, 43, 0.125, 0.125],
[19.875, 43, 1.0, 0.125],
[20.875, 48, 0.875, 0.125],
[21.75, 48, 0.25, 0.125],
[22.0, 48, 0.375, 0.125],
[22.375, 43, 0.125, 0.125],
[22.5, 36, 1.25, 0.125],
[23.75, 36, 0.125, 0.125],
[23.875, 48, 0.125, 0.125],
[12.375, 48, 0.125, 0.125],
[12.5, 36, 0.375, 0.125],
[12.875, 43, 0.75, 0.125],
[13.625, 43, 0.25, 0.125],
[13.875, 43, 0.125, 0.125],
[14.0, 36, 0.875, 0.125],
[14.875, 43, 0.125, 0.125],
[15.0, 36, 2.0, 0.125],
[17.0, 43, 0.5, 0.125],
[17.5, 48, 0.75, 0.125],
[18.25, 43, 0.125, 0.125],
[18.375, 48, 0.375, 0.125],
[18.75, 43, 0.125, 0.125],
[18.875, 48, 0.125, 0.125],
[19.0, 48, 0.375, 0.125],
[19.375, 36, 3.375, 0.125],
[22.75, 36, 0.625, 0.125],
[23.375, 43, 0.625, 0.125],
[12.0, 50, 0.125, 0.125],
[12.125, 55, 0.125, 0.125],
[12.25, 55, 0.25, 0.125],
[12.5, 50, 0.125, 0.125],
[12.625, 43, 0.75, 0.125],
[13.375, 43, 1.625, 0.125],
[15.0, 43, 1.75, 0.125],
[16.75, 55, 0.625, 0.125],
[17.375, 43, 0.75, 0.125],
[18.125, 43, 0.25, 0.125],
[18.375, 55, 0.125, 0.125],
[18.5, 50, 0.5, 0.125],
[19.0, 50, 1.5, 0.125],
[20.5, 50, 0.25, 0.125],
[20.75, 48, 0.125, 0.125],
[20.875, 43, 0.25, 0.125],
[21.125, 50, 0.625, 0.125],
[21.75, 43, 0.25, 0.125],
[22.0, 48, 0.125, 0.125],
[22.125, 55, 1.875, 0.125],
[26.125, 43, 0.375, 0.125],
[26.5, 43, 0.25, 0.125],
[26.75, 43, 0.375, 0.125],
[27.125, 48, 1.25, 0.125],
[28.375, 41, 0.25, 0.125],
[28.625, 48, 0.25, 0.125],
[28.875, 36, 0.125, 0.125],
[29.0, 43, 0.75, 0.125],
[29.75, 36, 2.625, 0.125],
[32.375, 41, 0.375, 0.125],
[32.75, 48, 0.5, 0.125],
[33.25, 48, 0.125, 0.125],
[33.375, 36, 0.25, 0.125],
[33.625, 43, 0.125, 0.125],
[33.75, 36, 0.375, 0.125],
[34.125, 43, 1.625, 0.125],
[35.75, 43, 0.125, 0.125],
[35.875, 43, 0.125, 0.125],
