[0.0, 57, 2.0, 0.125],
[2.0, 48, 0.25, 0.125],
[2.25, 62, 0.5, 0.125],
[2.75, 57, 0.5, 0.125],
[3.25, 48, 0.75, 0.125],
[4.0, 48, 1.5, 0.125],
[5.5, 55, 0.25, 0.125],
[5.75, 48, 1.0, 0.125],
[6.75, 48, 0.5, 0.125],
[7.25, 48, 0.5, 0.125],
[7.75, 55, 0.25, 0.125],
[8.0, 57, 0.5, 0.125],
[8.5, 55, 0.25, 0.125],
[8.75, 55, 1.25, 0.125],
[10.0, 57, 0.75, 0.125],
[10.75, 62, 0.5, 0.125],
[11.25, 48, 0.25, 0.125],
[11.5, 48, 0.5, 0.125],
[12.0, 55, 0.25, 0.125],
[12.25, 67, 0.25, 0.125],
[12.5, 72, 2.25, 0.125],
[14.75, 67, 0.5, 0.125],
[15.25, 55, 0.75, 0.125],
[16.0, 55, 0.25, 0.125],
[16.25, 67, 1.0, 0.125],
[17.25, 55, 1.0, 0.125],
[18.25, 64, 0.25, 0.125],
[18.5, 64, 0.5, 0.125],
[19.0, 55, 0.25, 0.125],
[19.25, 64, 0.75, 0.125],
[20.0, 67, 0.75, 0.125],
[20.75, 64, 0.25, 0.125],
[21.0, 67, 0.25, 0.125],
[21.25, 64, 0.75, 0.125],
[22.0, 72, 0.25, 0.125],
[22.25, 67, 0.75, 0.125],
[23.0, 72, 1.0, 0.125],
[24.0, 53, 2.25, 0.125],
[26.25, 48, 0.5, 0.125],
[26.75, 55, 0.25, 0.125],
[27.0, 53, 0.5, 0.125],
[27.5, 55, 0.25, 0.125],
[27.75, 55, 0.25, 0.125],
[28.0, 55, 1.25, 0.125],
[29.25, 62, 0.25, 0.125],
[29.5, 55, 2.0, 0.125],
[31.5, 48, 0.75, 0.125],
[32.25, 48, 0.75, 0.125],
[33.0, 53, 0.25, 0.125],
[33.25, 55, 0.25, 0.125],
[33.5, 62, 0.25, 0.125],
[33.75, 55, 0.25, 0.125],
[34.0, 55, 0.25, 0.125],
[34.25, 53, 1.25, 0.125],
[35.5, 55, 0.5, 0.125],
